2.095	0.2775	0.235	0.245899	0.268794	0.48355	0.232247	0.242147	0.282104	0.243068	0.234036	0.263117	0.248668	0.238085	0.251868	0.239476	0.230088	0.214281	0.219697	0.233705	0.200098	0.201372	0.20757	0.2575	0.2375	0.235716	0.228395	0.22059	0.219496	0.216673	0.210373	0.238812	0.246867	0.254465	0.217372	0.222466	0.226872	0.210322	0.206864	0.233661	0.227554	0.218766	0.218395	0.213886	0.208981	0.202812	0.206553	0.207101	0.228662	0.234502	0.235124	0.22	0.2125	0.206648	0.203202	0.199235	0.221187	0.215198	0.209138	0.188361	0.189028	0.1925	
0.2775	2.0925	0.2775	0.219232	0.225125	0.229897	0.210699	0.214375	0.220057	0.233805	0.235821	0.355227	0.313671	0.287894	0.296702	0.282179	0.26991	0.203054	0.204305	0.20625	0.192886	0.192085	0.192714	0.265	0.265	0.2525	0.250914	0.247095	0.222338	0.226872	0.225692	0.209215	0.213755	0.221699	0.198948	0.202721	0.207125	0.210192	0.210192	0.255777	0.252466	0.244797	0.229255	0.230202	0.227365	0.188799	0.192111	0.193633	0.20461	0.211091	0.215745	0.2225	0.2225	0.210155	0.211372	0.211876	0.234154	0.232255	0.22962	0.184686	0.187059	0.2025	
0.235	0.2775	2.105	0.201776	0.206937	0.211374	0.196127	0.201108	0.205332	0.236424	0.247487	0.27077	0.49473	0.452538	0.242147	0.286654	0.314387	0.189685	0.194319	0.198136	0.185058	0.187038	0.190473	0.24	0.2625	0.219697	0.237954	0.255842	0.201372	0.21168	0.223547	0.192442	0.196431	0.202765	0.185853	0.189513	0.193073	0.206864	0.214894	0.246867	0.259504	0.266799	0.224808	0.231648	0.236897	0.18136	0.182401	0.185625	0.190375	0.193168	0.198685	0.2125	0.2225	0.206553	0.211703	0.21556	0.234502	0.240349	0.243034	0.184373	0.184384	0.2125	
0.245899	0.219232	0.201776	2.105	0.4425	0.315	0.335625	0.30273	0.284186	0.216517	0.206553	0.22	0.2125	0.205	0.216546	0.209292	0.201959	0.23625	0.239852	0.247487	0.208125	0.212174	0.21917	0.223093	0.205888	0.211421	0.204813	0.19793	0.202746	0.196963	0.193131	0.2775	0.2725	0.2625	0.241406	0.240029	0.235206	0.20125	0.192111	0.21	0.2025	0.1975	0.201922	0.197563	0.193043	0.2205	0.219232	0.214894	0.25725	0.254169	0.245163	0.212081	0.197478	0.195893	0.192157	0.188137	0.205976	0.200323	0.194813	0.187825	0.189685	0.183369	
0.268794	0.225125	0.206937	0.4425	2.005	0.42	0.30052	0.315	0.289472	0.215665	0.208669	0.2275	0.22	0.2125	0.223666	0.216546	0.209292	0.239852	0.22875	0.233805	0.212174	0.204375	0.208281	0.226428	0.210322	0.217578	0.208962	0.204813	0.207767	0.202746	0.196963	0.2725	0.2725	0.2675	0.240029	0.236719	0.235323	0.202155	0.193646	0.2175	0.21	0.2025	0.208504	0.201922	0.197563	0.216972	0.216	0.212452	0.251549	0.252	0.246308	0.215709	0.202154	0.199257	0.193475	0.189725	0.211814	0.203433	0.197787	0.187612	0.19246	0.185752	
0.48355	0.229897	0.211374	0.315	0.42	1.995	0.284186	0.289472	0.309375	0.201525	0.212229	0.24	0.2275	0.22	0.233014	0.223666	0.216546	0.245278	0.233805	0.225	0.217083	0.206334	0.200625	0.236439	0.216333	0.222952	0.215134	0.208962	0.211571	0.205378	0.202746	0.26	0.265	0.2675	0.232831	0.235323	0.234375	0.204353	0.196875	0.225	0.215	0.21	0.212299	0.206051	0.201922	0.214894	0.212452	0.2115	0.245163	0.246308	0.24675	0.220529	0.207315	0.202154	0.196857	0.195893	0.217877	0.209262	0.205976	0.188425	0.193458	0.190703	
0.232247	0.210699	0.196127	0.335625	0.30052	0.284186	2.095	0.4325	0.31	0.2215	0.206463	0.216546	0.209292	0.201959	0.215	0.2075	0.2025	0.331875	0.298311	0.281798	0.234375	0.237837	0.243068	0.225347	0.208632	0.214057	0.206801	0.199466	0.208962	0.202345	0.195456	0.351563	0.324835	0.292693	0.2775	0.27	0.26	0.209203	0.199375	0.214619	0.206595	0.198731	0.2075	0.2025	0.195	0.241406	0.237676	0.232831	0.289688	0.282304	0.269778	0.22142	0.204827	0.201922	0.197563	0.190568	0.211596	0.205244	0.196672	0.198136	0.200846	0.187934	
0.242147	0.214375	0.201108	0.30273	0.315	0.289472	0.4325	1.995	0.4125	0.224028	0.211826	0.223666	0.216546	0.209292	0.225	0.215	0.2075	0.296101	0.31125	0.285052	0.237837	0.226875	0.229774	0.232019	0.212956	0.221181	0.211568	0.206801	0.212689	0.206504	0.202345	0.324835	0.340313	0.313824	0.27	0.27	0.2625	0.212428	0.201238	0.22037	0.212095	0.206595	0.215	0.2075	0.2025	0.237676	0.236719	0.23297	0.282304	0.284063	0.276713	0.229281	0.210251	0.206051	0.201922	0.195094	0.218413	0.211596	0.202678	0.198305	0.201833	0.193168	
0.282104	0.220057	0.205332	0.284186	0.289472	0.309375	0.31	0.4125	1.985	0.224302	0.217114	0.233014	0.223666	0.216546	0.235	0.225	0.215	0.27941	0.285052	0.30375	0.243068	0.229774	0.22125	0.244499	0.218587	0.230536	0.221181	0.214057	0.220529	0.212689	0.208962	0.292693	0.313824	0.331875	0.26	0.2625	0.265	0.217199	0.204752	0.23163	0.22037	0.214619	0.2225	0.215	0.2075	0.232831	0.23297	0.232031	0.269778	0.276713	0.278438	0.239348	0.216554	0.209858	0.206051	0.201922	0.225869	0.218413	0.211596	0.202013	0.2058	0.198685	
0.243068	0.233805	0.236424	0.216517	0.215665	0.201525	0.2215	0.224028	0.224302	1.9775	0.2925	0.293484	0.274532	0.259941	0.309954	0.281684	0.26152	0.220711	0.223511	0.225743	0.212188	0.213709	0.213911	0.59625	0.310254	0.296405	0.273918	0.257636	0.271326	0.259114	0.246509	0.233229	0.247597	0.270579	0.224483	0.234364	0.248191	0.26	0.2475	0.298232	0.276261	0.258033	0.270185	0.258117	0.246513	0.213755	0.21934	0.226872	0.237287	0.249599	0.264535	0.272813	0.258767	0.244493	0.239476	0.233661	0.27141	0.260251	0.249689	0.211086	0.2125	0.224908	
0.234036	0.235821	0.247487	0.206553	0.208669	0.212229	0.206463	0.211826	0.217114	0.2925	1.98	0.360566	0.330651	0.304664	0.61588	0.37687	0.321651	0.204482	0.210192	0.214089	0.200769	0.203975	0.207813	0.310254	0.6	0.401548	0.343185	0.307916	0.288617	0.28861	0.279466	0.210155	0.217473	0.22842	0.204752	0.211814	0.219707	0.2475	0.26	0.365075	0.334375	0.307179	0.29147	0.287148	0.278628	0.200407	0.204513	0.209057	0.214154	0.222256	0.232072	0.258767	0.272813	0.251257	0.25314	0.252466	0.29297	0.288062	0.28026	0.207864	0.2075	0.239252	
0.263117	0.355227	0.27077	0.22	0.2275	0.24	0.216546	0.223666	0.233014	0.293484	0.360566	1.995	0.42	0.315	0.309375	0.289472	0.284186	0.208962	0.215134	0.222952	0.202746	0.205378	0.211571	0.282304	0.31864	0.225	0.233805	0.245278	0.200625	0.206334	0.217083	0.21	0.215	0.225	0.201922	0.206051	0.212299	0.230163	0.226269	0.2675	0.265	0.26	0.234375	0.235323	0.232831	0.195893	0.196857	0.202154	0.205976	0.209262	0.217877	0.232892	0.238023	0.2115	0.212452	0.214894	0.24675	0.246308	0.245163	0.195826	0.193131	0.215863	
0.248668	0.313671	0.49473	0.2125	0.22	0.2275	0.209292	0.216546	0.223666	0.274532	0.330651	0.42	2.005	0.4425	0.289472	0.315	0.30052	0.204813	0.208962	0.217578	0.196963	0.202746	0.207767	0.267025	0.308449	0.233805	0.22875	0.239852	0.208281	0.204375	0.212174	0.2025	0.21	0.2175	0.197563	0.201922	0.208504	0.22927	0.233229	0.2675	0.2725	0.2725	0.235323	0.236719	0.240029	0.189725	0.193475	0.199257	0.197787	0.203433	0.211814	0.228495	0.238756	0.212452	0.216	0.216972	0.246308	0.252	0.251549	0.193562	0.192242	0.220561	
0.238085	0.287894	0.452538	0.205	0.2125	0.22	0.201959	0.209292	0.216546	0.259941	0.304664	0.315	0.4425	2.1075	0.284186	0.30273	0.335625	0.19793	0.204813	0.211421	0.193131	0.196963	0.202746	0.255387	0.293484	0.247487	0.239852	0.23625	0.21917	0.212174	0.208125	0.1975	0.2025	0.21	0.193043	0.197563	0.201922	0.223988	0.237588	0.2625	0.2725	0.2775	0.235206	0.240029	0.241406	0.188137	0.192157	0.195893	0.194813	0.200323	0.205976	0.226006	0.240742	0.214894	0.219232	0.2205	0.245163	0.254169	0.25725	0.193168	0.193532	0.225264	
0.251868	0.296702	0.242147	0.216546	0.223666	0.233014	0.215	0.225	0.235	0.309954	0.61588	0.309375	0.289472	0.284186	1.985	0.4125	0.31	0.214057	0.221181	0.230536	0.208962	0.212689	0.220529	0.302631	0.434911	0.30375	0.285052	0.27941	0.22125	0.229774	0.243068	0.214619	0.22037	0.23163	0.2075	0.215	0.2225	0.251794	0.255075	0.331875	0.313824	0.292693	0.265	0.2625	0.26	0.201922	0.206051	0.209858	0.211596	0.218413	0.225869	0.253261	0.265075	0.232031	0.23297	0.232831	0.278438	0.276713	0.269778	0.206949	0.206277	0.231925	
0.239476	0.282179	0.286654	0.209292	0.216546	0.223666	0.2075	0.215	0.225	0.281684	0.37687	0.289472	0.315	0.30273	0.4125	1.995	0.4325	0.206801	0.211568	0.221181	0.202345	0.206504	0.212689	0.27752	0.35625	0.285052	0.31125	0.296101	0.229774	0.226875	0.237837	0.206595	0.212095	0.22037	0.2025	0.2075	0.215	0.24523	0.260271	0.313824	0.340313	0.324835	0.2625	0.27	0.27	0.195094	0.201922	0.206051	0.202678	0.211596	0.218413	0.246194	0.264613	0.23297	0.236719	0.237676	0.276713	0.284063	0.282304	0.204158	0.204965	0.237736	
0.230088	0.26991	0.314387	0.201959	0.209292	0.216546	0.2025	0.2075	0.215	0.26152	0.321651	0.284186	0.30052	0.335625	0.31	0.4325	2.0975	0.199466	0.206801	0.214057	0.195456	0.202345	0.208962	0.259944	0.314384	0.281798	0.298311	0.331875	0.243068	0.237837	0.234375	0.198731	0.206595	0.214619	0.195	0.2025	0.2075	0.23728	0.259662	0.292693	0.324835	0.351563	0.26	0.27	0.2775	0.190568	0.197563	0.201922	0.196672	0.205244	0.211596	0.238814	0.26152	0.232831	0.237676	0.241406	0.269778	0.282304	0.289688	0.203202	0.200741	0.243034	
0.214281	0.203054	0.189685	0.23625	0.239852	0.245278	0.331875	0.296101	0.27941	0.220711	0.204482	0.208962	0.204813	0.19793	0.214057	0.206801	0.199466	2.0925	0.43	0.3075	0.33	0.296101	0.27941	0.220971	0.204799	0.215	0.205	0.2	0.211568	0.204309	0.196972	0.66	0.427043	0.327025	0.351562	0.322082	0.292693	0.218587	0.203574	0.21514	0.206962	0.199	0.212095	0.204076	0.198731	0.2775	0.27	0.2575	0.346875	0.331369	0.303525	0.232638	0.208942	0.2075	0.2	0.195	0.216366	0.206819	0.200409	0.209427	0.213172	0.192242	
0.219697	0.204305	0.194319	0.239852	0.22875	0.233805	0.298311	0.31125	0.285052	0.223511	0.210192	0.215134	0.208962	0.204813	0.221181	0.211568	0.206801	0.43	1.99	0.4075	0.296101	0.309375	0.282843	0.225207	0.210538	0.2225	0.2125	0.205	0.218695	0.211568	0.204309	0.427043	0.61875	0.407922	0.322082	0.3375	0.313824	0.221988	0.208036	0.223685	0.21514	0.206962	0.22037	0.212095	0.204076	0.27	0.27	0.2625	0.331369	0.3375	0.322165	0.245845	0.217537	0.215	0.2075	0.2	0.226771	0.216366	0.206819	0.212747	0.217578	0.197963	
0.233705	0.20625	0.198136	0.247487	0.233805	0.225	0.281798	0.285052	0.30375	0.225743	0.214089	0.222952	0.217578	0.211421	0.230536	0.221181	0.214057	0.3075	0.4075	1.98	0.27941	0.282843	0.301875	0.229265	0.214342	0.23	0.2225	0.215	0.228057	0.218695	0.211568	0.327025	0.407922	0.60375	0.292693	0.311071	0.329063	0.232019	0.211826	0.235464	0.223685	0.21514	0.229085	0.22037	0.212095	0.2575	0.2625	0.2625	0.303525	0.322165	0.328125	0.261389	0.227688	0.22	0.215	0.2075	0.235811	0.226771	0.216366	0.217782	0.220233	0.206648	
0.200098	0.192886	0.185058	0.208125	0.212174	0.217083	0.234375	0.237837	0.243068	0.212188	0.200769	0.202746	0.196963	0.193131	0.208962	0.202345	0.195456	0.33	0.296101	0.27941	2.0925	0.43	0.305	0.210632	0.201391	0.211568	0.204309	0.196972	0.2125	0.205	0.1975	1.#INF	0.5375	0.32574	0.66	0.423856	0.32423	0.223093	0.206314	0.213716	0.205899	0.198185	0.21514	0.206962	0.199	0.351563	0.322082	0.292693	0.46875	0.413657	0.350558	0.241361	0.2139	0.212095	0.204076	0.198731	0.219682	0.209813	0.203226	0.224057	0.229365	0.19851	
0.201372	0.192085	0.187038	0.212174	0.204375	0.206334	0.237837	0.226875	0.229774	0.213709	0.203975	0.205378	0.202746	0.196963	0.212689	0.206504	0.202345	0.296101	0.309375	0.282843	0.43	1.99	0.405	0.206573	0.203293	0.218695	0.211568	0.204309	0.22	0.2125	0.205	0.5375	1.#INF	0.50625	0.423856	0.615	0.404735	0.2276	0.210666	0.221712	0.213716	0.205899	0.223685	0.212609	0.206962	0.322082	0.3375	0.311071	0.413657	0.45	0.399515	0.257694	0.222793	0.22037	0.212095	0.204076	0.230694	0.219682	0.209813	0.231648	0.235735	0.204704	
0.20757	0.192714	0.190473	0.21917	0.208281	0.200625	0.243068	0.229774	0.22125	0.213911	0.207813	0.211571	0.207767	0.202746	0.220529	0.212689	0.208962	0.27941	0.282843	0.301875	0.305	0.405	1.9775	0.18872	0.204249	0.228057	0.218695	0.211568	0.23	0.22	0.2125	0.32574	0.50625	1.#INF	0.32423	0.404735	0.6	0.240133	0.216333	0.232573	0.221712	0.213716	0.232905	0.223685	0.21514	0.292693	0.313824	0.329063	0.350558	0.403051	0.43875	0.290719	0.233896	0.229085	0.22037	0.212095	0.243626	0.230694	0.219682	0.239535	0.243053	0.214154	
0.2575	0.265	0.24	0.223093	0.226428	0.236439	0.225347	0.232019	0.244499	0.59625	0.310254	0.282304	0.267025	0.255387	0.302631	0.27752	0.259944	0.220971	0.225207	0.229265	0.210632	0.206573	0.18872	1.9725	0.2875	0.306413	0.277321	0.259566	0.282952	0.265075	0.251042	0.218504	0.221382	0.223728	0.212188	0.211593	0.213911	0.21375	0.22981	0.293527	0.271123	0.254895	0.268613	0.256415	0.246509	0.202155	0.202083	0.20013	0.224483	0.234364	0.245709	0.2575	0.2475	0.240776	0.236799	0.233125	0.267371	0.255341	0.246513	0.196939	0.204482	0.2175	
0.2375	0.265	0.2625	0.205888	0.210322	0.216333	0.208632	0.212956	0.218587	0.310254	0.6	0.31864	0.308449	0.293484	0.434911	0.35625	0.314384	0.204799	0.210538	0.214342	0.201391	0.203293	0.204249	0.2875	1.975	0.632456	0.376053	0.321144	0.336028	0.31742	0.294049	0.204482	0.207932	0.211882	0.200769	0.203975	0.205625	0.22981	0.215625	0.398361	0.340175	0.305038	0.28604	0.285913	0.279466	0.193633	0.196433	0.197853	0.204752	0.211814	0.219707	0.2475	0.26	0.237403	0.247597	0.250914	0.29147	0.287148	0.278628	0.198506	0.200795	0.23	
0.235716	0.2525	0.219697	0.211421	0.217578	0.222952	0.214057	0.221181	0.230536	0.296405	0.401548	0.225	0.233805	0.247487	0.30375	0.285052	0.281798	0.215	0.2225	0.23	0.211568	0.218695	0.228057	0.306413	0.632456	1.98	0.4075	0.3075	0.301875	0.282843	0.27941	0.21514	0.223685	0.235464	0.212095	0.22037	0.229085	0.276713	0.310254	0.60375	0.407922	0.327025	0.329063	0.311071	0.292693	0.2075	0.215	0.22	0.216366	0.226771	0.235811	0.277083	0.310071	0.2625	0.2625	0.2575	0.328125	0.322165	0.303525	0.222256	0.221013	0.254525	
0.228395	0.250914	0.237954	0.204813	0.208962	0.215134	0.206801	0.211568	0.221181	0.273918	0.343185	0.233805	0.22875	0.239852	0.285052	0.31125	0.298311	0.205	0.2125	0.2225	0.204309	0.211568	0.218695	0.277321	0.376053	0.4075	1.9925	0.43	0.282843	0.309375	0.296101	0.206962	0.21514	0.223685	0.204076	0.212095	0.22037	0.26152	0.302789	0.407922	0.61875	0.427043	0.313824	0.3375	0.322082	0.2	0.2075	0.215	0.206819	0.216366	0.226771	0.26224	0.301214	0.2625	0.27	0.27	0.322165	0.3375	0.331369	0.218395	0.216245	0.265089	
0.22059	0.247095	0.255842	0.19793	0.204813	0.208962	0.199466	0.206801	0.214057	0.257636	0.307916	0.245278	0.239852	0.23625	0.27941	0.296101	0.331875	0.2	0.205	0.215	0.196972	0.204309	0.211568	0.259566	0.321144	0.3075	0.43	2.0925	0.27941	0.296101	0.33	0.199	0.206962	0.21514	0.198731	0.204076	0.212095	0.249953	0.287894	0.327025	0.427043	0.66	0.292693	0.322082	0.351562	0.195	0.2	0.2075	0.200409	0.206819	0.216366	0.251558	0.28875	0.2575	0.27	0.2775	0.303525	0.331369	0.346875	0.213886	0.211106	0.268328	
0.219496	0.222338	0.201372	0.202746	0.207767	0.211571	0.208962	0.212689	0.220529	0.271326	0.288617	0.200625	0.208281	0.21917	0.22125	0.229774	0.243068	0.211568	0.218695	0.228057	0.2125	0.22	0.23	0.282952	0.336028	0.301875	0.282843	0.27941	1.9775	0.405	0.305	0.213716	0.221712	0.232573	0.21514	0.223685	0.232905	0.299693	0.428008	1.#INF	0.50625	0.32574	0.6	0.404735	0.32423	0.212095	0.22037	0.229085	0.219682	0.230694	0.243626	0.305544	0.388748	0.329063	0.313824	0.292693	0.43875	0.403051	0.350558	0.239476	0.237575	0.289602	
0.216673	0.226872	0.21168	0.196963	0.202746	0.205378	0.202345	0.206504	0.212689	0.259114	0.28861	0.206334	0.204375	0.212174	0.229774	0.226875	0.237837	0.204309	0.211568	0.218695	0.205	0.2125	0.22	0.265075	0.31742	0.282843	0.309375	0.296101	0.405	1.99	0.43	0.205899	0.213716	0.221712	0.206962	0.212609	0.223685	0.274688	0.35	0.50625	1.#INF	0.5375	0.404735	0.615	0.423856	0.204076	0.212095	0.22037	0.209813	0.219682	0.230694	0.280071	0.348207	0.311071	0.3375	0.322082	0.399515	0.45	0.413657	0.231006	0.231187	0.3015	
0.210373	0.225692	0.223547	0.193131	0.196963	0.202746	0.195456	0.202345	0.208962	0.246509	0.279466	0.217083	0.212174	0.208125	0.243068	0.237837	0.234375	0.196972	0.204309	0.211568	0.1975	0.205	0.2125	0.251042	0.294049	0.27941	0.296101	0.33	0.305	0.43	2.0925	0.198185	0.205899	0.213716	0.199	0.206962	0.21514	0.257179	0.311445	0.32574	0.5375	1.#INF	0.32423	0.423856	0.66	0.198731	0.204076	0.212095	0.203226	0.209813	0.219682	0.262631	0.317889	0.292693	0.322082	0.351563	0.350558	0.413657	0.46875	0.224908	0.221983	0.308071	
0.238812	0.209215	0.192442	0.2775	0.2725	0.26	0.351563	0.324835	0.292693	0.233229	0.210155	0.21	0.2025	0.1975	0.214619	0.206595	0.198731	0.66	0.427043	0.327025	1.#INF	0.5375	0.32574	0.218504	0.204482	0.21514	0.206962	0.199	0.213716	0.205899	0.198185	2.0925	0.43	0.305	0.33	0.293891	0.277022	0.212229	0.202013	0.2125	0.205	0.1975	0.211568	0.204309	0.196972	0.234375	0.235821	0.243068	0.351562	0.322082	0.292693	0.218587	0.203574	0.206504	0.199877	0.195456	0.212095	0.204076	0.198731	0.194764	0.203054	0.190066	
0.246867	0.213755	0.196431	0.2725	0.2725	0.265	0.324835	0.340313	0.313824	0.247597	0.217473	0.215	0.21	0.2025	0.22037	0.212095	0.206595	0.427043	0.61875	0.407922	0.5375	1.#INF	0.50625	0.221382	0.207932	0.223685	0.21514	0.206962	0.221712	0.213716	0.205899	0.43	1.99	0.405	0.293891	0.3075	0.280633	0.207603	0.204229	0.22	0.2125	0.205	0.218695	0.209079	0.204309	0.235821	0.225	0.227759	0.322082	0.3375	0.311071	0.221988	0.208036	0.212689	0.206504	0.199877	0.22037	0.212095	0.204076	0.194095	0.204793	0.194064	
0.254465	0.221699	0.202765	0.2625	0.2675	0.2675	0.292693	0.313824	0.331875	0.270579	0.22842	0.225	0.2175	0.21	0.23163	0.22037	0.214619	0.327025	0.407922	0.60375	0.32574	0.50625	1.#INF	0.223728	0.211882	0.235464	0.223685	0.21514	0.232573	0.221712	0.213716	0.305	0.405	1.9775	0.277022	0.280633	0.3	0.194454	0.205798	0.23	0.22	0.2125	0.225578	0.218695	0.211568	0.243068	0.229774	0.219375	0.292693	0.313824	0.329063	0.232019	0.211826	0.218106	0.212689	0.206504	0.229085	0.22037	0.212095	0.195391	0.208669	0.200407	
0.217372	0.198948	0.185853	0.241406	0.240029	0.232831	0.2775	0.27	0.26	0.224483	0.204752	0.201922	0.197563	0.193043	0.2075	0.2025	0.195	0.351562	0.322082	0.292693	0.66	0.423856	0.32423	0.212188	0.200769	0.212095	0.204076	0.198731	0.21514	0.206962	0.199	0.33	0.293891	0.277022	2.0925	0.43	0.305	0.219307	0.204169	0.211568	0.204309	0.196972	0.2125	0.205	0.1975	0.33	0.296101	0.27941	0.66	0.427043	0.327025	0.223093	0.206314	0.211568	0.204309	0.196972	0.21514	0.206962	0.199	0.20625	0.216333	0.193728	
0.222466	0.202721	0.189513	0.240029	0.236719	0.235323	0.27	0.27	0.2625	0.234364	0.211814	0.206051	0.201922	0.197563	0.215	0.2075	0.2025	0.322082	0.3375	0.311071	0.423856	0.615	0.404735	0.211593	0.203975	0.22037	0.212095	0.204076	0.223685	0.212609	0.206962	0.293891	0.3075	0.280633	0.43	1.99	0.405	0.219841	0.207319	0.218695	0.209079	0.204309	0.22	0.2125	0.205	0.296101	0.309375	0.282843	0.427043	0.61875	0.407922	0.22981	0.210666	0.218695	0.211568	0.204309	0.223685	0.21514	0.206962	0.206195	0.221264	0.200389	
0.226872	0.207125	0.193073	0.235206	0.235323	0.234375	0.26	0.2625	0.265	0.248191	0.219707	0.212299	0.208504	0.201922	0.2225	0.215	0.2075	0.292693	0.313824	0.329063	0.32423	0.404735	0.6	0.213911	0.205625	0.229085	0.22037	0.212095	0.232905	0.223685	0.21514	0.277022	0.280633	0.3	0.305	0.405	1.9775	0.218599	0.212728	0.225578	0.218695	0.211568	0.23	0.22	0.2125	0.27941	0.282843	0.301875	0.327025	0.407922	0.60375	0.242316	0.216333	0.228057	0.218695	0.211568	0.235464	0.223685	0.21514	0.211634	0.229389	0.207133	
0.210322	0.210192	0.206864	0.20125	0.202155	0.204353	0.209203	0.212428	0.217199	0.26	0.2475	0.230163	0.22927	0.223988	0.251794	0.24523	0.23728	0.218587	0.221988	0.232019	0.223093	0.2276	0.240133	0.21375	0.22981	0.276713	0.26152	0.249953	0.299693	0.274688	0.257179	0.212229	0.207603	0.194454	0.219307	0.219841	0.218599	1.97	0.285	0.285099	0.266296	0.251818	0.304106	0.27605	0.258767	0.218504	0.221382	0.223728	0.234895	0.250903	0.28604	0.5925	0.307459	0.293527	0.271123	0.254895	0.315546	0.283976	0.263172	0.240588	0.2475	0.249808	
0.206864	0.210192	0.214894	0.192111	0.193646	0.196875	0.199375	0.201238	0.204752	0.2475	0.26	0.226269	0.233229	0.237588	0.255075	0.260271	0.259662	0.203574	0.208036	0.211826	0.206314	0.210666	0.216333	0.22981	0.215625	0.310254	0.302789	0.287894	0.428008	0.35	0.311445	0.202013	0.204229	0.205798	0.204169	0.207319	0.212728	0.285	1.9725	0.346591	0.319249	0.296279	0.604475	0.367449	0.315803	0.204482	0.207932	0.211882	0.211122	0.217789	0.227777	0.307459	0.59625	0.398361	0.340175	0.305038	0.509313	0.385537	0.327921	0.232615	0.235	0.285099	
0.233661	0.255777	0.246867	0.21	0.2175	0.225	0.214619	0.22037	0.23163	0.298232	0.365075	0.2675	0.2675	0.2625	0.331875	0.313824	0.292693	0.21514	0.223685	0.235464	0.213716	0.221712	0.232573	0.293527	0.398361	0.60375	0.407922	0.327025	1.#INF	0.50625	0.32574	0.2125	0.22	0.23	0.211568	0.218695	0.225578	0.285099	0.346591	1.9775	0.405	0.305	0.3	0.280633	0.277022	0.206504	0.212689	0.218106	0.212095	0.22037	0.229085	0.276713	0.310254	0.219375	0.229774	0.243068	0.329063	0.313824	0.292693	0.220786	0.218654	0.244423	
0.227554	0.252466	0.259504	0.2025	0.21	0.215	0.206595	0.212095	0.22037	0.276261	0.334375	0.265	0.2725	0.2725	0.313824	0.340313	0.324835	0.206962	0.21514	0.223685	0.205899	0.213716	0.221712	0.271123	0.340175	0.407922	0.61875	0.427043	0.50625	1.#INF	0.5375	0.205	0.2125	0.22	0.204309	0.209079	0.218695	0.266296	0.319249	0.405	1.99	0.43	0.280633	0.3075	0.293891	0.199877	0.206504	0.212689	0.204076	0.212095	0.22037	0.26152	0.29996	0.227759	0.225	0.235821	0.311071	0.3375	0.322082	0.217002	0.216072	0.254465	
0.218766	0.244797	0.266799	0.1975	0.2025	0.21	0.198731	0.206595	0.214619	0.258033	0.307179	0.26	0.2725	0.2775	0.292693	0.324835	0.351563	0.199	0.206962	0.21514	0.198185	0.205899	0.213716	0.254895	0.305038	0.327025	0.427043	0.66	0.32574	0.5375	1.#INF	0.1975	0.205	0.2125	0.196972	0.204309	0.211568	0.251818	0.296279	0.305	0.43	2.0925	0.277022	0.293891	0.33	0.195456	0.199877	0.206504	0.198731	0.204076	0.212095	0.249953	0.287894	0.243068	0.235821	0.234375	0.292693	0.322082	0.351562	0.214154	0.210036	0.264209	
0.218395	0.229255	0.224808	0.201922	0.208504	0.212299	0.2075	0.215	0.2225	0.270185	0.29147	0.234375	0.235323	0.235206	0.265	0.2625	0.26	0.212095	0.22037	0.229085	0.21514	0.223685	0.232905	0.268613	0.28604	0.329063	0.313824	0.292693	0.6	0.404735	0.32423	0.211568	0.218695	0.225578	0.2125	0.22	0.23	0.304106	0.604475	0.3	0.280633	0.277022	1.9775	0.405	0.305	0.211568	0.218695	0.228057	0.21514	0.223685	0.235464	0.299693	0.431459	0.301875	0.282843	0.27941	0.60375	0.407922	0.327025	0.239373	0.235577	0.278155	
0.213886	0.230202	0.231648	0.197563	0.201922	0.206051	0.2025	0.2075	0.215	0.258117	0.287148	0.235323	0.236719	0.240029	0.2625	0.27	0.27	0.204076	0.212095	0.22037	0.206962	0.212609	0.223685	0.256415	0.285913	0.311071	0.3375	0.322082	0.404735	0.615	0.423856	0.204309	0.209079	0.218695	0.205	0.2125	0.22	0.27605	0.367449	0.280633	0.3075	0.293891	0.405	1.99	0.43	0.204309	0.211568	0.218695	0.206962	0.21514	0.223685	0.274688	0.353125	0.282843	0.309375	0.296101	0.407922	0.61875	0.427043	0.233125	0.228715	0.298681	
0.208981	0.227365	0.236897	0.193043	0.197563	0.201922	0.195	0.2025	0.2075	0.246513	0.278628	0.232831	0.240029	0.241406	0.26	0.27	0.2775	0.198731	0.204076	0.212095	0.199	0.206962	0.21514	0.246509	0.279466	0.292693	0.322082	0.351562	0.32423	0.423856	0.66	0.196972	0.204309	0.211568	0.1975	0.205	0.2125	0.258767	0.315803	0.277022	0.293891	0.33	0.305	0.43	2.0925	0.196972	0.204309	0.211568	0.199	0.206962	0.21514	0.257179	0.311445	0.27941	0.296101	0.33	0.327025	0.427043	0.66	0.2258	0.223738	0.308449	
0.202812	0.188799	0.18136	0.2205	0.216972	0.214894	0.241406	0.237676	0.232831	0.213755	0.200407	0.195893	0.189725	0.188137	0.201922	0.195094	0.190568	0.2775	0.27	0.2575	0.351563	0.322082	0.292693	0.202155	0.193633	0.2075	0.2	0.195	0.212095	0.204076	0.198731	0.234375	0.235821	0.243068	0.33	0.296101	0.27941	0.218504	0.204482	0.206504	0.199877	0.195456	0.211568	0.204309	0.196972	2.0925	0.43	0.3075	1.#INF	0.5375	0.32841	0.220971	0.204799	0.215	0.205	0.2	0.216231	0.205899	0.200693	0.220057	0.232413	0.198932	
0.206553	0.192111	0.182401	0.219232	0.216	0.212452	0.237676	0.236719	0.23297	0.21934	0.204513	0.196857	0.193475	0.192157	0.206051	0.201922	0.197563	0.27	0.27	0.2625	0.322082	0.3375	0.313824	0.202083	0.196433	0.215	0.2075	0.2	0.22037	0.212095	0.204076	0.235821	0.225	0.229774	0.296101	0.309375	0.282843	0.221382	0.207932	0.212689	0.206504	0.199877	0.218695	0.211568	0.204309	0.43	1.99	0.4075	0.5375	1.#INF	0.509375	0.225207	0.210538	0.2225	0.2125	0.205	0.224232	0.213716	0.205899	0.22206	0.241868	0.203279	
0.207101	0.193633	0.185625	0.214894	0.212452	0.2115	0.232831	0.23297	0.232031	0.226872	0.209057	0.202154	0.199257	0.195893	0.209858	0.206051	0.201922	0.2575	0.2625	0.2625	0.292693	0.311071	0.329063	0.20013	0.197853	0.22	0.215	0.2075	0.229085	0.22037	0.212095	0.243068	0.227759	0.219375	0.27941	0.282843	0.301875	0.223728	0.211882	0.218106	0.212689	0.206504	0.228057	0.218695	0.211568	0.3075	0.4075	1.98	0.32841	0.509375	1.#INF	0.229265	0.214342	0.23	0.2225	0.215	0.232573	0.224232	0.216231	0.231973	0.257273	0.212543	
0.228662	0.20461	0.190375	0.25725	0.251549	0.245163	0.289688	0.282304	0.269778	0.237287	0.214154	0.205976	0.197787	0.194813	0.211596	0.202678	0.196672	0.346875	0.331369	0.303525	0.46875	0.413657	0.350558	0.224483	0.204752	0.216366	0.206819	0.200409	0.219682	0.209813	0.203226	0.351562	0.322082	0.292693	0.66	0.427043	0.327025	0.234895	0.211122	0.212095	0.204076	0.198731	0.21514	0.206962	0.199	1.#INF	0.5375	0.32841	2.0925	0.43	0.3075	0.219307	0.204169	0.216231	0.205899	0.200693	0.215	0.205	0.2	0.194165	0.200173	0.193792	
0.234502	0.211091	0.193168	0.254169	0.252	0.246308	0.282304	0.284063	0.276713	0.249599	0.222256	0.209262	0.203433	0.200323	0.218413	0.211596	0.205244	0.331369	0.3375	0.322165	0.413657	0.45	0.403051	0.234364	0.211814	0.226771	0.216366	0.206819	0.230694	0.219682	0.209813	0.322082	0.3375	0.313824	0.427043	0.61875	0.407922	0.250903	0.217789	0.22037	0.212095	0.204076	0.223685	0.21514	0.206962	0.5375	1.#INF	0.509375	0.43	1.99	0.4075	0.221935	0.209573	0.224232	0.213716	0.205899	0.2225	0.2125	0.205	0.173685	0.195	0.196485	
0.235124	0.215745	0.198685	0.245163	0.246308	0.24675	0.269778	0.276713	0.278438	0.264535	0.232072	0.217877	0.211814	0.205976	0.225869	0.218413	0.211596	0.303525	0.322165	0.328125	0.350558	0.399515	0.43875	0.245709	0.219707	0.235811	0.226771	0.216366	0.243626	0.230694	0.219682	0.292693	0.311071	0.329063	0.327025	0.407922	0.60375	0.28604	0.227777	0.229085	0.22037	0.212095	0.235464	0.223685	0.21514	0.32841	0.509375	1.#INF	0.3075	0.4075	1.98	0.2205	0.212728	0.232573	0.224232	0.216231	0.23	0.2225	0.215	0.1425	0.194972	0.20305	
0.22	0.2225	0.2125	0.212081	0.215709	0.220529	0.22142	0.229281	0.239348	0.272813	0.258767	0.232892	0.228495	0.226006	0.253261	0.246194	0.238814	0.232638	0.245845	0.261389	0.241361	0.257694	0.290719	0.2575	0.2475	0.277083	0.26224	0.251558	0.305544	0.280071	0.262631	0.218587	0.221988	0.232019	0.223093	0.22981	0.242316	0.5925	0.307459	0.276713	0.26152	0.249953	0.299693	0.274688	0.257179	0.220971	0.225207	0.229265	0.219307	0.221935	0.2205	1.9725	0.2875	0.306413	0.277321	0.259566	0.304106	0.27605	0.258767	0.202239	0.225639	0.2425	
0.2125	0.2225	0.2225	0.197478	0.202154	0.207315	0.204827	0.210251	0.216554	0.258767	0.272813	0.238023	0.238756	0.240742	0.265075	0.264613	0.26152	0.208942	0.217537	0.227688	0.2139	0.222793	0.233896	0.2475	0.26	0.310071	0.301214	0.28875	0.388748	0.348207	0.317889	0.203574	0.208036	0.211826	0.206314	0.210666	0.216333	0.307459	0.59625	0.310254	0.29996	0.287894	0.431459	0.353125	0.311445	0.204799	0.210538	0.214342	0.204169	0.209573	0.212728	0.2875	1.975	0.632456	0.376053	0.321144	0.608276	0.370589	0.318727	0.2276	0.227811	0.2725	
0.206648	0.210155	0.206553	0.195893	0.199257	0.202154	0.201922	0.206051	0.209858	0.244493	0.251257	0.2115	0.212452	0.214894	0.232031	0.23297	0.232831	0.2075	0.215	0.22	0.212095	0.22037	0.229085	0.240776	0.237403	0.2625	0.2625	0.2575	0.329063	0.311071	0.292693	0.206504	0.212689	0.218106	0.211568	0.218695	0.228057	0.293527	0.398361	0.219375	0.227759	0.243068	0.301875	0.282843	0.27941	0.215	0.2225	0.23	0.216231	0.224232	0.232573	0.306413	0.632456	1.98	0.4075	0.3075	1.#INF	0.509375	0.32841	0.259114	0.256896	0.330651	
0.203202	0.211372	0.211703	0.192157	0.193475	0.196857	0.197563	0.201922	0.206051	0.239476	0.25314	0.212452	0.216	0.219232	0.23297	0.236719	0.237676	0.2	0.2075	0.215	0.204076	0.212095	0.22037	0.236799	0.247597	0.2625	0.27	0.27	0.313824	0.3375	0.322082	0.199877	0.206504	0.212689	0.204309	0.211568	0.218695	0.271123	0.340175	0.229774	0.225	0.235821	0.282843	0.309375	0.296101	0.205	0.2125	0.2225	0.205899	0.213716	0.224232	0.277321	0.376053	0.4075	1.9925	0.43	0.509375	1.#INF	0.5375	0.246509	0.244434	0.3888	
0.199235	0.211876	0.21556	0.188137	0.189725	0.195893	0.190568	0.195094	0.201922	0.233661	0.252466	0.214894	0.216972	0.2205	0.232831	0.237676	0.241406	0.195	0.2	0.2075	0.198731	0.204076	0.212095	0.233125	0.250914	0.2575	0.27	0.2775	0.292693	0.322082	0.351563	0.195456	0.199877	0.206504	0.196972	0.204309	0.211568	0.254895	0.305038	0.243068	0.235821	0.234375	0.27941	0.296101	0.33	0.2	0.205	0.215	0.200693	0.205899	0.216231	0.259566	0.321144	0.3075	0.43	2.095	0.32841	0.5375	1.#INF	0.236815	0.234781	0.387893	
0.221187	0.234154	0.234502	0.205976	0.211814	0.217877	0.211596	0.218413	0.225869	0.27141	0.29297	0.24675	0.246308	0.245163	0.278438	0.276713	0.269778	0.216366	0.226771	0.235811	0.219682	0.230694	0.243626	0.267371	0.29147	0.328125	0.322165	0.303525	0.43875	0.399515	0.350558	0.212095	0.22037	0.229085	0.21514	0.223685	0.235464	0.315546	0.509313	0.329063	0.311071	0.292693	0.60375	0.407922	0.327025	0.216231	0.224232	0.232573	0.215	0.2225	0.23	0.304106	0.608276	1.#INF	0.509375	0.32841	1.98	0.4075	0.3075	0.247386	0.23898	0.236043	
0.215198	0.232255	0.240349	0.200323	0.203433	0.209262	0.205244	0.211596	0.218413	0.260251	0.288062	0.246308	0.252	0.254169	0.276713	0.284063	0.282304	0.206819	0.216366	0.226771	0.209813	0.219682	0.230694	0.255341	0.287148	0.322165	0.3375	0.331369	0.403051	0.45	0.413657	0.204076	0.212095	0.22037	0.206962	0.21514	0.223685	0.283976	0.385537	0.313824	0.3375	0.322082	0.407922	0.61875	0.427043	0.205899	0.213716	0.224232	0.205	0.2125	0.2225	0.27605	0.370589	0.509375	1.#INF	0.5375	0.4075	1.9925	0.43	0.238756	0.23185	0.277554	
0.209138	0.22962	0.243034	0.194813	0.197787	0.205976	0.196672	0.202678	0.211596	0.249689	0.28026	0.245163	0.251549	0.25725	0.269778	0.282304	0.289688	0.200409	0.206819	0.216366	0.203226	0.209813	0.219682	0.246513	0.278628	0.303525	0.331369	0.346875	0.350558	0.413657	0.46875	0.198731	0.204076	0.212095	0.199	0.206962	0.21514	0.263172	0.327921	0.292693	0.322082	0.351562	0.327025	0.427043	0.66	0.200693	0.205899	0.216231	0.2	0.205	0.215	0.258767	0.318727	0.32841	0.5375	1.#INF	0.3075	0.43	2.095	0.231363	0.225582	0.306656	
0.188361	0.184686	0.184373	0.187825	0.187612	0.188425	0.198136	0.198305	0.202013	0.211086	0.207864	0.195826	0.193562	0.193168	0.206949	0.204158	0.203202	0.209427	0.212747	0.217782	0.224057	0.231648	0.239535	0.196939	0.198506	0.222256	0.218395	0.213886	0.239476	0.231006	0.224908	0.194764	0.194095	0.195391	0.20625	0.206195	0.211634	0.240588	0.232615	0.220786	0.217002	0.214154	0.239373	0.233125	0.2258	0.220057	0.22206	0.231973	0.194165	0.173685	0.1425	0.202239	0.2276	0.259114	0.246509	0.236815	0.247386	0.238756	0.231363	1.9925	0.5375	0.242685	
0.189028	0.187059	0.184384	0.189685	0.19246	0.193458	0.200846	0.201833	0.2058	0.2125	0.2075	0.193131	0.192242	0.193532	0.206277	0.204965	0.200741	0.213172	0.217578	0.220233	0.229365	0.235735	0.243053	0.204482	0.200795	0.221013	0.216245	0.211106	0.237575	0.231187	0.221983	0.203054	0.204793	0.208669	0.216333	0.221264	0.229389	0.2475	0.235	0.218654	0.216072	0.210036	0.235577	0.228715	0.223738	0.232413	0.241868	0.257273	0.200173	0.195	0.194972	0.225639	0.227811	0.256896	0.244434	0.234781	0.23898	0.23185	0.225582	0.5375	2.0925	0.236513	
0.1925	0.2025	0.2125	0.183369	0.185752	0.190703	0.187934	0.193168	0.198685	0.224908	0.239252	0.215863	0.220561	0.225264	0.231925	0.237736	0.243034	0.192242	0.197963	0.206648	0.19851	0.204704	0.214154	0.2175	0.23	0.254525	0.265089	0.268328	0.289602	0.3015	0.308071	0.190066	0.194064	0.200407	0.193728	0.200389	0.207133	0.249808	0.285099	0.244423	0.254465	0.264209	0.278155	0.298681	0.308449	0.198932	0.203279	0.212543	0.193792	0.196485	0.20305	0.2425	0.2725	0.330651	0.3888	0.387893	0.236043	0.277554	0.306656	0.242685	0.236513	2.0075	
