Pleakage_1=4.32727	Power_data_1=10
Pleakage_2=12.0495	Power_data_2=6
Pleakage_3=11.5815	Power_data_3=3
Pleakage_4=71.4649	Power_data_4=5
Pleakage_5=4.21632	Power_data_5=8
Pleakage_6=11.8749	Power_data_6=3
Pleakage_7=11.6849	Power_data_7=5
