2.006	0.182	0.157	0.156975	0.113286	0.103691	0.116134	0.153156	0.091	0.0937399	0.1008	0.100965	0.113286	0.1242	0.116134	0.102536	
0.182	1.94	0.182	0.141935	0.103691	0.101214	0.1134	0.136927	0.0937399	0.0960166	0.104175	0.110859	0.1242	0.135833	0.128753	0.11097	
0.157	0.182	1.869	0.183712	0.116134	0.1134	0.1275	0.165008	0.1008	0.104175	0.110833	0.113728	0.116134	0.128753	0.1275	0.113612	
0.156975	0.141935	0.183712	1.94	0.13179	0.119205	0.137563	0.235	0.0956335	0.10207	0.106989	0.1014	0.102536	0.11097	0.113612	0.101214	
0.113286	0.103691	0.116134	0.13179	2.007	0.182	0.157	0.119058	0.113286	0.1242	0.116134	0.0976599	0.091	0.0937399	0.1008	0.0956335	
0.103691	0.101214	0.1134	0.119205	0.182	1.941	0.182	0.118458	0.1242	0.135833	0.128753	0.102907	0.0937399	0.0960166	0.104175	0.10207	
0.116134	0.1134	0.1275	0.137563	0.157	0.182	1.87	0.153483	0.116134	0.128753	0.1275	0.109637	0.1008	0.104175	0.110833	0.106989	
0.153156	0.137972	0.165008	0.235	0.119058	0.118458	0.153483	1.942	0.0976599	0.102907	0.109637	0.100286	0.100965	0.110859	0.113728	0.1014	
0.091	0.0937399	0.1008	0.0956335	0.113286	0.1242	0.116134	0.0976599	2.094	0.183	0.157	0.119058	0.113286	0.103691	0.116134	0.13179	
0.0937399	0.0960166	0.104175	0.10207	0.1242	0.135833	0.128753	0.102907	0.182	1.943	0.182	0.118458	0.103691	0.101214	0.1134	0.119205	
0.1008	0.104175	0.110833	0.106989	0.116134	0.128753	0.1275	0.109637	0.157	0.182	1.871	0.153483	0.116134	0.1134	0.1275	0.137563	
0.100965	0.110859	0.113728	0.1014	0.0976599	0.102907	0.109637	0.100286	0.119058	0.118458	0.153483	1.944	0.153156	0.137972	0.165008	0.235	
0.113286	0.1242	0.116134	0.102536	0.091	0.0937399	0.1008	0.100965	0.113286	0.103691	0.116134	0.153156	2.007	0.182	0.157	0.156975	
0.1242	0.135833	0.128753	0.11097	0.0937399	0.0960166	0.104175	0.110859	0.103691	0.101214	0.1134	0.136927	0.182	1.94	0.182	0.141935	
0.116134	0.128753	0.1275	0.113612	0.1008	0.104175	0.110833	0.113728	0.116134	0.1134	0.1275	0.165008	0.157	0.182	1.87	0.183712	
0.102536	0.11097	0.113612	0.101214	0.0956335	0.10207	0.106989	0.1014	0.13179	0.119205	0.137563	0.235	0.156975	0.141935	0.183712	1.941	
